-90 -32 0 1 22 43 46 55 71 89 90 
Minimum: -90
Maximum: 90
Average: 26.8182
Under:
-90: 0
-32: 1
0: 2
1: 3
22: 4
43: 5
46: 6
55: 7
71: 8
89: 9
90: 10
Above:
-90: 10
-32: 9
0: 8
1: 7
22: 6
43: 5
46: 4
55: 3
71: 2
89: 1
90: 0
-90 -32 0 1 22 43 46 55 71 89 90 1000 2000 3000 
Minimum: -90
Maximum: 3000
Average: 449.643
Under:
-90: 0
-32: 1
0: 2
1: 3
22: 4
43: 5
46: 6
55: 7
71: 8
89: 9
90: 10
1000: 11
2000: 12
3000: 13
Above:
-90: 13
-32: 12
0: 11
1: 10
22: 9
43: 8
46: 7
55: 6
71: 5
89: 4
90: 3
1000: 2
2000: 1
3000: 0
-100 -99 -90 -69 -67 -65 -40 -38 -32 -23 -14 0 1 1 2 4 6 8 8 8 9 10 12 16 17 17 19 20 20 22 24 26 27 31 35 37 38 41 43 43 45 46 47 47 48 51 52 55 55 60 62 65 67 70 71 78 79 79 87 89 90 96 98 102 102 103 104 105 106 108 110 111 111 111 114 115 115 116 117 118 120 121 121 121 121 122 124 124 124 125 126 127 127 129 130 132 133 136 137 138 138 140 141 144 147 148 149 150 151 152 153 155 155 156 157 157 158 159 160 161 163 164 164 165 166 166 167 167 169 169 170 171 171 172 172 175 175 176 176 176 180 181 181 183 184 185 185 185 186 189 189 190 191 192 192 193 193 193 195 195 196 198 200 200 206 208 210 217 218 221 223 229 230 231 238 239 239 240 244 244 246 246 247 250 251 254 254 254 255 256 257 261 265 265 266 267 272 278 278 279 280 287 288 288 290 291 291 292 292 295 296 299 301 305 306 308 309 310 311 312 315 318 320 320 322 322 323 326 329 331 332 336 337 340 343 343 344 345 355 358 361 362 364 368 368 369 369 370 371 375 375 380 381 382 383 384 387 391 391 394 394 394 397 398 774 1000 2000 3000 
Minimum: 14.8
Maximum: 99.6
Average: 57.2
Under:
14.8: 0
99.6: 1
Above:
14.8: 1
99.6: 0
