8451106048280010737
13772053944163101566
4961820886562810932
4568791463906623942
3012942400321198771
10566988879292775937
14583010879558389911
11380378926624038688
16463831243982161137
11177745241540511607
16572601416645442202
2676178380828017473
14282299171588867284
6266065266774520792
2477560184688548831
3116712018185862045
16789214098719280625
6770492543776541546
11509521568072576833
9988769492222976794
14754297205655869775
14800965166036521424
2338752757667225648
9891587134152986624
267023805282262463
15589619855170696988
5188008541576683138
12993928751840678275
2163222208662923564
4087474296372978742
10418688210439363446
6786612244514984421
10875188248468953329
7968505363981515802
1223411277196012192
1700317635429709555
8768879326325867340
15070740444905390867
3412371928250751474
17826437555503920443
8962929942760215074
2000996436539857820
17360027495671595574
3694630321422484804
17977703519822220436
1838949800957168180
12492258093169646273
7133180741862338826
10279063293660540827
18330219040772367407