8451106048280010737
13772053944163101566
4961820886562810932
4568791463906623942
3012942400321198771
10566988879292775937
14583010879558389911
11380378926624038688
16463831243982161137
11177745241540511607
16572601416645442202
2676178380828017473
16003222916416601513
14282299171588867284
14097885778792087799
6266065266774520792
14315087380486708729
2477560184688548831
3116712018185862045
16789214098719280625
6770492543776541546
9695668647098022789
11509521568072576833
9988769492222976794
14754297205655869775
14800965166036521424
2338752757667225648
9891587134152986624
267023805282262463
15589619855170696988
5188008541576683138
12993928751840678275
2163222208662923564
4087474296372978742
10418688210439363446
6786612244514984421
10875188248468953329
7968505363981515802
1223411277196012192
1700317635429709555
8768879326325867340
15070740444905390867
3412371928250751474
17826437555503920443
8962929942760215074
2000996436539857820
17360027495671595574
3694630321422484804
17977703519822220436
1838949800957168180
12492258093169646273
7133180741862338826
10279063293660540827
18330219040772367407
13099451801832779803
12831791825018922543
80918672639559222
10962432753754702393
17169056460845440524
6056325660250594811
10037427353991996418
15705892040061355071
15372956195206504903
13375081699664969459
16991125616718272074
4465210049406355510
12737566742445539089
2986417261173268491
17481010162521217033
6032117453316736153
15509166352153975523
17430582919624091434
3950606379044301379
1008017235814717113
17857591425996996857
7003417589853595651
6639019949195082555
5500910807754170889
9046834346892285843
4168485497352373254
2348088884077570768
10835105817638256278
15710130734445079772
1436171597084984351
13915077544678069468
12221512547360776765
12926321192498099093
2023756838744135172
15408391939857953017
5165561480359328531
17604685197320896006
13779548247668228310
506127789030770224
15143772619582797217
4888289391057190049
5725859677855999134
12711772418564989682
7134364687479555983
5537107374958744408
9601837515214823037
17394337109194677865
17367995139678499518
1235874816377580944
18205055935000384821
2797179031279796158
14066163622366709228
12546526780201322590
10851428632092521699
833664749670490442
3697602714603380754
262467395997939374
299969268275833328
12950042621234197208
10857225650981403429
1556236639650535730
432031951949148767
15937045914321628858
15764472567097242974
2058703685850222097
9196804505929816713
15451741743723004139
16368095307672189696
19351799593185237
204158011189122091
18135116559935907718
3481590213941872492
8067458120685219854
15460538902499398249
14162392161968116029
17281432380431587211
9441594970969506620
3786285401656612211
17431414060483523876
10749119457954106278
17942707411420934163
6222663607431898368
2602364121526847076
10633146092435925471
6898418692470270045
17406892993204206786
9258050374949095629
2179501297532471600
17197196907784393429
16395160701239107665
6761079795713827836
18371583528057594597
16557837027347215867
7218713169075082866
1040255116670983662
5985487565452252922
469872525518613388
2347531671813005929
8083820486348220319
2120114273292600664
14120317050401793859
6645843124702595934
9425332669580007070
13148325306837428659
2469062398906217367
3504478729402929017
974735384574962822
2627639166131250884
1368634344948166166
4330568763658294573
2611477646614933025
5110179084537800015
11089863312598748711
15702637525322994821
6050141391809441885
14712259638548047565
1503151056368414736
6129781777037689941
8584341241992334940
967319896527329950
14291835010840906296
8626565166781984036
14986219527707933425
11301131889656632227
17777513233825989219
18021325264098560931
3642089575427105727
12957776058893585683
16964865868772550738
6714499174586581033
3577939510841184446
2207301333912077191
3257886690351705940
8113825659489515200
13318105295444142656
4564870178516603165
11818189401124448195
13682673369704551775
11878483402962435813
5576510733588608736
5978059417575194088
6955530676739368849
5890233330698566199
17196133659296561737
18161533773525149468
15714357775065153130
15912261176406822947
7439413059653024139
9558633501514084105
13481389658322410769
6835839370387787036
12032558884124805597
316281941719018998
12964903817315418165
3082179163213133207
13606780656469341858
15288863324329195552
7879347708316589424
8463283668803431194
13998588195237331829
9177812572077470623
2643566684882438606
5900104040875294612
18006308799710616776
3294553836799634196
14599004223655813797
7039394752090115459
16516992433253550578
7889314455640598876
12165653558907432759
8429255341569761324
14507799861638187787
17516371699389139409
6939321849115787748
10958030840587097068
8783859779754249109
10483633153186543986
957790051801205029
9300437649830943573
18425313878463961107
3863197635419161518
6125343024905721136
12461984061347076231
357844176920857211
15775788391588941773
11686810306680164998
15104351147955270235
7639616537463531240
4297311144772949983
16295245574044935034
2843587737965091089
1646044379344090808
4396035660056701007
10464548339620729222
8522527352361364134
1189155624906476006
3692049597644386253
12382060944772394355
17283459471662490677
16580521259968852525
2374605717858249239
11798872483380027356
6175755140064665914
3305158686709059613
14643458221239373296
11144898561567821276
11019131167938151194
1643613526459334019
15082651543246007435
6811615145727719856
6887325440656913688
16760359289434705173
4910669184864444223
14684064758499263758
10532369171835552899
1275365616238464150
4804876741676919244
14940608224555766488
2543285318882489157
9413156477352051046
14290747547982007746
5958801317653797902
6591579823824153337
6120242504675262861
6912999989579126566
4573175081816845071
14029179819223696577
4239466269148093052
9307114045821819148
9669124424515095781
11587042759321811041
5901995758208984190
15476916208472005223
7465614792334751158
14367779452638469547
9992448928566070587
16916597199331103751
793762222596646823
3094750387095764677
13705006448857242934
16158749361517332721
7290905037268756252
10919315533291929003
18069608872483641434
10179480472783705562
7144108319178066687
9856012673908934826
2094213764318737821
17690545950115771315
10945883716428485776
5902505976800737409
2745130878803127064
5818404811235625525
16149015187200682703
4431210225945015177
12034001678338657460
10668829805564515697
8171012052948355090
10151831304982169679
5834327835944648724
11018864811352397653
7320676070982457705
12223882897671176887
15271767223921209156
10759225771710418669
14529820096714958012
5525931117088199513
17692944582298385067
12978389403683099772
13351127941521486978
3511824059778639073
7516191867595156763
13269225624079090359
14242874936600350307
7712121632798046151
18211733716547305600
12561485391377114149
14642973497331458287
12656984628509198432
8376564185759305989
12221157728678422857
3776682772176650583
14593675801214567481
4883862639873062831
13539388787310182669
11426584742908847827
4488775921973265876
4842931527173529735
14161515661102437754
4209237296750130760
2955320518877648813
1882782839104746565
11117108853905064344
5515369319759768680
7282296045643466332
13752571263120849918
17525013206982994957
15190905489618441940
2745025107471230912
7868432166621907444
15296482199594023384
11792394391210319984
7903979073295769629
14664398960732107380
1902061140206104164
14735183751056460979
5454817386650097871
14583260636844329999
10400265807284820407
3385618096265119379
1830818473535011832
8264808566637316120
17473016224001547562
1514976541782351486
7617280003391159894
3562180550995396089
12733104057737814346
5174986526368272662
1932652760081270686
9197476763988887413
1090048919864278049
8657103833782142211
10488123900085998776
13742725927800428407
1378119257094502825
530746144148123698
2977112409246227603
15786861360423304928
3860115016217139462
7995617604021073252
9171930797165150676
6330648754454499401
10358411699939568303
1483747482477940631
8275826261903772269
7497502797541116366
279825889175962768
13304037731718320539
10954616888803986520
6091566803174117119
17310817858214577585
3624429314333868920
10967030538357745794
3675543977564922046
9526524057904130894
13566975907262785867
17549425500562816684
14938281832477332081
1728555602234136116
11484833951626777050
14246510319564770714
6497881113980435606
13212854308865324181
11255007674824105651
11468468390180376518
14501019136003684143
2453735181384579
15242434870251734875
1951089589388342554
15594264794705732772
7758229226250920594
4441774503903011147
13208197327623708182
12884945201582965224
146490966584979395
12645447073538743492
14669024162613389411
4161495579822378595
6401982259955435662
8205557887175807050
1069400701373510479
4208685505323839286
8882950681309515793
5537537873754762063
12704359265552568138
2701771485193929429
390234897257895318
17067850929839230339
2580389238938236819
10729070256928953680
7367589068775469473
16491218362757145025
827946862723237438
12476368555721665957
6004853818830799253
17000526480887438678
2403624933704868339
8764643070450036928
14955832502435268189
11790076808306954418
16835880907873584069
394292739475608546
1403195294704060845
14825147619303506941
5836428777171713495
4414769076038921479
17779942246320105142
11611681649827950331
7370978206562484617
11725452070395770411
8039542347519854442
8078529832455336062
1020287371678746519
2448350078246643018
4616903371178253865
2817596632962468362
14495579369849588519
1518304341827971614
11036587449516867368
9404626976731066269
3907206161514665310
12663710396136312119
14411816133438675695
11915591273118243052
9315414311757368957
3823117955933857370
4299676146354203477
17992193009851455911
9657065160597933034
2722336069878154484
8121803849731558560
10717690929808022432
3004137724234228266
16406630214487733893
16285522434203222919
17367602751174288887
3657427909431541551
18432806974626529329
15871074472236315579
10145033049793904826
5632121573340272155
18019196109357975881
1020421338984553222
1407256548888844416
17131143799184163363
202634128445877440
2495491259302860893
4541185205466240300
16393138340648067136
1969644474492114868
2960407383281469992
1234353709334330943
7099968759364734342
15273701348742821787
6733530072219813913
10477238765250033502
16892737959586709660
10442857684117252416
5270383277888213113
2708630576445218600
16574852260183659488
6842898209356235330
1328479435985861818
17531376146170148503
6499949352950055442
3325618173654163072
17706162413504761666
3800618517589257226
4944318012059152502
12177388812774074427
12461053791176395171
11696744224634618474
8464090517054940891
10661028187285075853
16137795564444059083
7107620844505347525
2111584437737697174
4933338818507296659
7511521042502056845
2938560267277850460
14252750455390343804
13626606858855545098
16761780010976200352
8260213416297436813
17965913782060856264
17503331921566467351
15699910891046283899
10256831785198889671
5246464033555907094
10711188015050534331
5258275877832075197
15416187120788959488
334894395393803410
6038909129148811588
17181780067781959428
11258982422531152870
13377362847545723634
5903879427398200794
180639841524103879
1784711941321700017
4956967025522634551
12145340324948331084
5677145495349977917
13132139273746686965
3305328403462888953
1518938836648415439
4370101696076461358
1358431055200819962
4835571911179413622
17817379436480716711
12274329648845675413
13980347264429049891
490219412042589746
416668001238311907
1268422854502142423
14876510748521669056
1488278641935988168
4530846369679071295
4610647609441812173
11475984672958441562
9954877471670952188
12711162726290179169
14789346248873396304
14526430064705018145
18069304886184042895
2168290480930789539
325014957448702150
3587285551017678802
9965345206471722808
9699544127400562605
7809778494870002017
2645517007856831276
1808113081927533872
4469673394836725268
4791507495563888125
16641841209854882660
10748556891141106762
8520803411943733696
5551285525416637540
17554299889048790336
14778654386145353131
15632571284854114025
3064158202402725110
3613580235644824083
14414410475235508731
2700023023426367494
4311536934957156941
3687111691166223835
3277732061371372048
14758135413388150249
11938111535724845176
4274215817100095102
13045845714730825772
11709638818686316800
3103517645021139328
6179277420358722051
11890887250746529605
11520335254622081724
15971514352457860591
2317918129306807249
16729961583940852195
3097447504231771823
17597219579375041419
11085252871268800241
16732714045962119046
18049872961731079815
13091915813677604054
5344217605528143671
10419086450088987680
2475366919163722512
17806799522962514262
14848894104372688460
7738539279171804710
4542020407902800270
18104341946984309233
851227891539885603
7072174218692666719
13704036373134091337
10430627623729255708
4424462028086701731
7213547864050342273
17805677366296882804
8433288634479511365
3000641930464233825
15200628092237138076
8148643647919342130
12676813011032567229
2950681213992699623
1313303032159114471
14188198940707510949
1483100199174869730
4368755720504177210
15983772181439424397
4078859994130431024
9095230714641315769
5055265893638152368
2968525637761651411
11577941645963780281
8269172064699311599
3542711611307684378
16090426589602648663
15581895205099140669
18390508169483330010
1468181163711480256
5994478832849681273
2709830827811547985
8062937516911733500
8624012194021215881
10733193569315725722
1749772141886772963
13790957360718856183
8930800473281418659
17466462320696202765
14232349275023025163
3821428369978329284
531814477139624485
9535032830613471627
16426486348587557690
13682708201189411590
7912096962608405368
3818171742151037690
6055753103460954838
8040160267048740652
6457674682424970143
8676657621604201977
18436714279360528484
17147803217756855490
5302319379471760193
4037274070280498878
8124813388718265347
9673107032615026849
2981548336629819272
18163090453880028986
13392501245166798858
6532752036095857603
1550848664225767166
10198169914883082727
14773911459803139800
3326305893765837608
11832975446667376843
16553639749822136311
9256399490162004483
17737661999716779226
4624317606761860904
12925756388582600473
14454209637037617689
13941261820701301744
12736911582274202730
17765175553699724026
6867443946172720643
2514971119694890307
7903500587433985627
13627756325710530306
2159752372843766568
12438961712532356572
4265837819972671029
9460452718720825715
9068440410484935144
763510487245808368
16810237085174333884
18365703384988359505
2607258175327540082
4473606486730911420
10506728792298284188
16458788220721992541
10524304456111638129
3661893548239779662
913369901446625528
13411145101905495304
3811128166363119038
14528837747715426196
571658972485074820
1605225898570524958
1959827076488226542
17161382375141778868
18054505774600750739
9789526645141966698
7163067015177272746
16693172995979317132
18240150192355249094
13669469816484254361
8089565490919728239
10164606914765770504
5526130695596731345
11132606330856553241
2396458567427214621
5174969014760994060
1326514158564306417
1968046485417402212
9461583970765214247
5547937242680734775
12868792721582516421
556904423346186718
3580922229129743705
16298610798583495867
7312164345282831825
2259908637227642217
14086177581358265366
916807535335000412
15074080836250653356
4564224105869813602
470461485881780646
2740052250977366429
8172523944675982737
11483007349641397060
15092247782306472757
9248087132666184998
10809069965689974593
13709110180195467151
1666892117659544866
6678221081010480960
18133481124046807000
17922335053223380412
12917123548780443178
3477539546848234652
14767829596536453156
11956532526195198176
2318057304571828430
17985872986893525369
17030074932143048689
8671986388754438833
16410162918597210413
5039739781424614572
13461105048130948102
4933664918051627100
11681624685515526878
11594694240812290596
5708904343862437763
3256092580841300182
12648907004578282869
7727929364622912120
8519370153888451938
16354028136053922824
6370478653014379188
17767987851453988220
6478996088897697830
7524158812307957420
6656576600093533411
8527220696005680151
4420117839342109122
7984112402016894761
7268540975196355012
16388805235346471788
10482259344501763177
15622747944872175553
13366676770393315996
9490873489624559723
12976942852445390892
17032277540511230996
4992580955000353785
1133718615914140479
1797232449473641191
9987397207899776812
2970140502800739070
2081142808344172764
16515527727312821261
9385090521147839843
8861670379894504697
6761934647546831035
13316887590260024720
3711660417076939391
15841321772713262704
15766780566778371551
2501171914726399210
1991247004351245397
8664568276192809440
617304484006667009
6390393829937309095
13470110844561796582
8127072980882554239
1664692160704545556
2122418913521951420
7791656124054914771
15530058421050305121
16517488171189632544
17656191628332561904
1288210665106284090
16745385626855891931
17958208626441528852
12148813250110916216
1400908111196157590
6358640202438670901
2627147597199548111
4777952303876735700
18202131970785067147
4360465707043240050
4809427026344575454
1489333479590211740
7587703417602782522
11636277937022937236
14657776604349821081
4092937597275147432
16377675155668453271
4908148124319392101
7951347530287029583
16762543545626820608
9306452235616804730
13845833674948790894
1291396897880709335
8089361606623217545
6888386640297140950
14362128129532591881
9947781024643957194
783650442455783380
9819556901796441448
13995844934137112556
15243183965682682515
16334943467378539906
14350471030982186258
5547459905773903053
5333813313298188217
12145749188859698312
414801214348290574
17810250896479277946
7511307674170150139
8661375192443485402
2371533048409224139
4618931783376537027
13150850447992166330
17709725458752663214
8982870193287727795
733477037883680529
6160634235468157867
17329200203037152467
11611312555595677679
14550738953075536534
6335454321752748825
1771543297881589151
16912965662373778696
17195604870197489265
10741098633035370110
15590714544955731414
9878581887285317032
7844220526197840870
9126441919669520889
6970504232582909920
9013244097894244782
13930289206695592325
8106817343306425366
3238163335812913514
6762295895944058199
9816177173205316909
7770080189343446094
8086611477191157043
9032056587078847523
26671620205811362
18331277831374967211
5034065399094458693
6483379332399109407
2612709970857123850
17837097659502975483
6264170748582492539
291452765178603892
10358226588076937801
2941888341315732175
1047224639426078249
12872166438976689101
15227928466927622749
6403304714790151536
1265451577155839842
6069793445185853178
5102807951093440938
9931322750094888008
324543222720829873
2562925971249058953
3154418834117995241
2849265005596565841
11099243606341231655
13075241912070907565
5881072453430318710
2766609695896349723
3083994974252755308
1922306299452706124
12900146908904794375
4309864037529949204
14080719918682235210
1379533856126377236
5877062003374957955
1881859856275744296
4050528614859050863
17139096657803170469
14769934305478531579
7236126591811229963
9376840226132829156
1775244313099069810
689481071388145680
16449120217290414964
4580814931795868627
2135907288845010613
14670571912190443099
11398298972278074051
2935030903627273099
1649957028072350444
10887989454064624953
7833985327391835813
18224884238658706750
16423623731906707422
16263303771357125424
16010672809181063988
5322186820490909814
2877952758010451475
16503814568638789325
16731300941944356997
9765868533537468718
17072386498562430432
2108129808709905251
3689293982307395492
1759547651827183108
14119914765125737139
5736261225388893767
535462227981312024
7795144962012585912
687879118701550886
13946761599438924248
820467275497606441
9507179522872309492
271224977246662478
9689114356837713785
18322819662636164272
11147104856332354371
7495004462060907165
14748144672195076409
7263073480209243942
1038225314819529703
17081752750936535197
495910994509039568
6345421941708264731
115365708425988954
1655499062399733914
9385144143246165631
18218299860752420430
1158591242333970377
7537070157240234383
8075301628863269822
9401493141243815921
17888138271585848965
10638872405908095790
13246327207758181463
15819015936504555179
10174325606514027124
15714641599119012244
8317764287440545299
4788232857505332714
7897012427763784747
13520748333737671406
1021753277433975991
2977190733091581567
3290473798374398975
526566176197302852
8640933821582986829
13692340132790449256
11895501230047879983
12264001790155952252
7608117672876442294
7764581608125270777
17732796040199395849